0.027252 0 0
0.0545041 0 0
0.0817561 0 0
0.109008 0 0
0.13626 0 0
0.163512 0 0
0.190764 0 0
0.218016 0 0
0.245268 0 0
0.27252 0 0
0.299772 0 0
0.327024 0 0
0.354276 0 0
0.381528 0 0
0.40878 0 0
0.436032 0 0
0.463284 0 0
0.490537 0 0
0.517789 0 0
0.545041 0 0
0.572293 0 0
0.599545 0 0
0.626797 0 0
0.654049 0 0
0.681301 0 0
0.708553 0 0
0.735805 0 0
0.763057 0 0
0.790309 0 0
0.817561 0 0
0.844813 0 0
0.872065 0 0
0.899317 0 0
0.926569 0 0
0.953821 0 0
0.981073 0 0
1.00833 0 0
1.03558 0 0
1.06283 0 0
1.09008 0 0
1.11733 0 0
1.14459 0 0
1.17184 0 0
1.19909 0 0
1.22634 0 0
1.25359 0 0
1.28085 0 0
1.3081 0 0
1.33535 0 0
1.3626 0 0
1.38985 0 0
1.41711 0 0
1.44436 0 0
1.47161 0 0
1.49886 0 0
1.52611 0 0
1.55337 0 0
1.58062 0 0
1.60787 0 0
1.63512 0 0
1.66237 0 0
1.68963 0 0
1.71688 0 0
1.74413 0 0
1.77138 0 0
1.79863 0 0
1.82589 0 0
1.85314 0 0
1.88039 0 0
1.90764 0 0
1.93489 0 0
1.96215 0 0
1.9894 0 0
2.01665 0 0
2.0439 0 0
2.07115 0 0
2.09841 0 0
2.12566 0 0
2.15291 0 0
2.18016 0 0
2.20741 0 0
2.23467 0 0
2.26192 0 0
2.28917 0 0
2.31642 0 0
2.34367 0 0
2.37093 0 0
2.39818 0 0
2.42543 0 0
2.45268 0 0
2.47993 0 0
2.50719 0 0
2.53444 0 0
2.56169 0 0
2.58894 0 0
2.61619 0 0
2.64345 0 0
2.6707 0 0
2.69795 0 0
2.7252 0 0
